kill_day_1516401109890 62.52,20,2,5
kill_day_1516402692331 943.6527,774.531,1,10
kill_day_1516400980892 1363.26,511.0545,1,10
kill_day_1516401287997 894.91,480.0083,2,3
kill_day_1516402683622 622,499.859,2,3
kill_day_1516404178478 1354.149,761.186,1,8
kill_day_1516400729770 1278.745,790.9851,7,2
kill_day_1516401315948 1267.091,491,7,6
kill_day_1516402286714 908.8137,503.6,1,2
kill_day_1516402202335 694.5817,405.1547,2,7
kill_day_1516402825959 1695.76,792.5806,7,10
kill_day_1516404210939 1469.118,860.3357,1,6
kill_day_1516402851553 1299.74,499.9976,1,4
kill_day_1516404055199 1044.43,487.0082,3,6
kill_day_1516404066250 1360,260,7,4
kill_day_1516401130131 658.2124,65.56389,8,3
kill_day_1516402961129 283.6231,415,2,7
kill_day_1516401074697 654.7324,504.1592,7,2
kill_day_1516402430897 1220.24,58.33534,6,9
kill_day_1516400894363 887.7533,20,1,8
kill_day_1516402376008 911.74,551.7072,2,9
kill_day_1516402731648 410.8,620,10,9
kill_day_1516401343274 755.0132,361.3159,1,2
kill_day_1516404207663 1501.607,55.05554,7,4
kill_day_1516402962976 602.9932,269.6621,1,6
kill_day_1516401053570 630.3097,365.36,2,7
kill_day_1516404172237 559.73,260,3,10
kill_day_1516402426901 1294.345,368.0956,2,1
kill_day_1516402348743 962.5,542.4279,1,10
kill_day_1516401277240 1000.348,491,1,6
kill_day_1516401982123 720.3465,11,6,7
kill_day_1516402554396 507.1549,11,6,3
kill_day_1516404223927 1224.6,139.2377,5,8
kill_day_1516402800154 560,260,4,5
kill_day_1516404090207 947.6332,594.8976,1,2
kill_day_1516402667345 1104.24,620,1,4
kill_day_1516402793805 1062.873,762.9699,1,10
kill_day_1516404068963 1826.737,25.6203,2,9
kill_day_1516402481072 574.2889,153.3381,9,10
kill_day_1516400923250 939.9557,505.7781,2,7
kill_day_1516400984783 879.0804,311.7054,4,9
kill_day_1516400523268 535.5666,744.3448,2,7
kill_day_1516401205563 1098.408,665.5004,1,8
kill_day_1516404051771 1043.7,493.1055,2,9
kill_day_1516400880026 843.5491,604.9409,7,4
kill_day_1516400257533 1191.739,775,1,2
kill_day_1516404079557 924.94,774.9999,2,9
kill_day_1516401282168 792.4018,754.5117,2,7
kill_day_1516402552563 520.6259,11,6,9
kill_day_1516402848078 1360,260,5,6
kill_day_1516400733077 169.56,498.6524,6,9
kill_day_1516404117959 997.7445,499.0081,2,3
kill_day_1516401992310 713.84,55.00001,8,1
kill_day_1516402976494 1166.309,380,7,10
kill_day_1516400952904 950.3821,260,7,4
kill_day_1516402688946 1077.813,769.4727,10,5
kill_day_1516401012539 870.5643,765.88,1,8
kill_day_1516402568765 944.075,260,5,6
kill_day_1516400431940 1198.717,620,3,4
kill_day_1516401317997 957.1102,742.002,4,3
kill_day_1516400354406 1104.4,20,3,10
kill_day_1516400783259 1012.69,499.3369,2,9
kill_day_1516401241605 651.0307,11,4,9
kill_day_1516400519786 988.4,20,5,8
kill_day_1516400808039 978.7076,743.92,2,1
kill_day_1516402445436 1156.678,763.8339,9,4
kill_day_1516402276269 701.2534,769.1121,4,3
kill_day_1516404058053 1345.744,414.8385,1,10
kill_day_1516400390244 847.0861,503.38,1,2
kill_day_1516402821151 1510,860,5,6
kill_day_1516404089403 970.77,500,6,9
kill_day_1516400897230 1328.173,372.0486,1,2
kill_day_1516400818757 643.6,245.1573,4,9
kill_day_1516402273914 821.2141,479.7076,1,2
kill_day_1516400979253 1028.18,526.1989,2,7
kill_day_1516400336483 664.704,532.8723,2,5
kill_day_1516402106647 321.7545,20,6,7
kill_day_1516402816947 1100.206,760.1438,1,4
kill_day_1516401951757 810.03,11,10,7
kill_day_1516400328190 627.6351,20,4,9
kill_day_1516400314670 913.9855,765.3814,1,4
kill_day_1516404192712 1388.952,300.2595,5,6
kill_day_1516400728205 570.4253,586.5575,6,1
kill_day_1516402456501 558.6146,415,1,6
kill_day_1516402492438 631.9129,734.8767,2,1
kill_day_1516402630457 1325.681,261,6,1
kill_day_1516402523056 835.84,587.1958,1,2
kill_day_1516401079402 372.36,11,4,5
kill_day_1516402283336 586.7333,757.9761,4,9
kill_day_1516400308019 1251,414.5816,1,6
kill_day_1516404089287 960,500,6,3
kill_day_1516402447587 952.8781,775,2,9
kill_day_1516402954478 744.77,380,7,6
kill_day_1516400947409 608.06,274.9363,1,4
kill_day_1516404159738 594.3801,407.7877,2,3
kill_day_1516402977416 1319.663,92.14876,5,4
kill_day_1516400436537 1233.529,45.4799,5,10
kill_day_1516400445105 1005.484,571.1627,3,2
kill_day_1516402738793 585.8,740,6,3
kill_day_1516402267258 1063.039,11,2,5
kill_day_1516400420248 654.6135,934.8343,1,4
kill_day_1516402254808 1316.429,363.1502,3,6
kill_day_1516401960974 924.02,500,2,5
kill_day_1516401271324 1063.156,391.8495,1,8
kill_day_1516401149205 481.5429,21,1,2
kill_day_1516400815002 713.84,774.585,4,1
kill_day_1516401339091 1251.189,491,7,6
kill_day_1516401217950 655.5847,356.9169,4,9
kill_day_1516404140795 1323.413,330.5672,2,7
kill_day_1516400756429 391.1899,383.4473,6,1
kill_day_1516400884225 962.1459,20,5,8
kill_day_1516401306425 1155.28,775,8,1
kill_day_1516402842651 1156.48,20,5,4
kill_day_1516400272533 512.4,20,7,8
kill_day_1516402958267 1248.18,11,5,4
kill_day_1516402820736 1388.726,626.6086,10,1
kill_day_1516402061635 237.4093,20,6,9
kill_day_1516400994921 1462.371,11,3,10
kill_day_1516401281746 723.7993,638.9496,2,9
kill_day_1516402551012 1200.72,380,7,8
kill_day_1516401108809 738.1037,380,8,9
kill_day_1516402878205 677.1604,136.9243,2,3
kill_day_1516400449124 1296.4,260.6189,3,8
kill_day_1516402003881 856.1251,19.99746,10,7
kill_day_1516402544561 694.239,165.1547,7,8
kill_day_1516404077941 921.5972,500,2,7
kill_day_1516402964201 1510,860,5,10
kill_day_1516400331159 1151.148,35.18337,4,1
kill_day_1516400345392 657,20,7,10
kill_day_1516404152268 1076.871,340.2494,1,10
kill_day_1516400442264 1218,380,1,10
kill_day_1516402211667 1345.14,415,4,1
kill_day_1516401064555 1080.403,465.5782,8,1
kill_day_1516401972056 713.79,20,10,7
kill_day_1516400720999 928.7642,260.3357,4,9
kill_day_1516402129323 632.3161,380.9703,2,3
kill_day_1516400506679 1067.868,372.1646,3,8
kill_day_1516401286252 1057.503,491,1,6
kill_day_1516400604263 1186.255,722.3253,1,2
kill_day_1516402351125 678.2775,434.0512,2,7
kill_day_1516402058945 656.2526,11,6,7
kill_day_1516402802612 576.5049,399.6451,1,4
kill_day_1516400394649 1044.837,20,3,6
kill_day_1516400452516 777.0089,775,1,2
kill_day_1516400881768 717.2496,775,1,2
kill_day_1516402568525 1002.84,400.8493,5,4
kill_day_1516401091382 636,442.6598,7,8
kill_day_1516400536165 1268.348,858.6524,1,6
kill_day_1516402360136 1147.703,489.8356,3,6
kill_day_1516400478000 960,500,1,4
kill_day_1516401990977 683.1261,131.7227,8,7
kill_day_1516400832263 1779.2,395.8112,1,8
kill_day_1516400840396 924,954.2571,1,10
kill_day_1516402436532 715.3799,770.152,1,10
kill_day_1516400317437 931.1201,500,2,9
kill_day_1516401229626 716.5781,11,2,9
kill_day_1516401318918 1249.504,763.2288,7,10
kill_day_1516402486295 1303.869,406.442,2,1
kill_day_1516402679178 940,500,2,9
kill_day_1516402031631 964.801,512.9632,1,2
kill_day_1516400278424 391.0558,20,7,4
kill_day_1516402354407 594.0402,415,1,2
kill_day_1516402391266 134.1696,586.9411,4,1
kill_day_1516404049931 644.6042,413.4618,1,6
kill_day_15164041370 989.1983,260,5,4
kill_day_1516400934504 860.16,509.02,1,4
kill_day_1516401271439 1183.722,260,2,3
kill_day_1516400450605 1146.981,408.7741,3,4
kill_day_1516402418685 1037.203,590.8503,1,10
kill_day_1516402359624 1232.998,611.6046,3,8
kill_day_1516402369045 123.5085,533.5692,3,10
kill_day_1516401237510 964.0065,575.1487,10,7
kill_day_1516401336355 1413.71,639.8204,7,4
kill_day_1516400946793 683.978,616.3503,1,8
kill_day_1516402176735 1374.6,279.3668,2,1
kill_day_1516402776502 689.749,616.2848,2,9
kill_day_1516401013657 1171.46,771.8021,1,2
kill_day_1516404213880 1317.564,47.57066,5,4
kill_day_1516402138335 685.2975,300.7295,4,1
kill_day_1516400431824 1190.907,620,3,8
kill_day_1516404153292 1322.899,340.0837,2,9
kill_day_1516402944540 1191.804,382.01,7,10
kill_day_1516404175127 1044.132,616.7151,1,2
kill_day_1516404164249 1250.181,275.9981,7,8
kill_day_1516402614300 1105.83,390.5048,2,1
kill_day_1516402874805 971.6191,284.2939,5,10
kill_day_1516400665607 1081.736,617.8374,2,1
kill_day_1516404066553 1418.762,279.3668,2,7
kill_day_1516402613988 1070.99,517.4246,1,4
kill_day_1516400531619 489.9001,255.8068,2,3
kill_day_1516402040450 913.592,547.506,1,2
kill_day_1516402370069 673.7772,381.3247,2,7
kill_day_1516401196730 475.6513,661.5332,4,5
kill_day_1516401984936 596.6152,86.51804,8,9
kill_day_1516400482097 503.4223,414.8589,1,2
kill_day_1516401228907 719.968,11,2,3
kill_day_1516402475850 997.7134,511.0138,2,7
kill_day_1516404216673 1307,20,7,8
kill_day_1516402049105 787.8167,403.3427,4,9
kill_day_1516400308738 1223.6,379.5381,1,10
kill_day_1516402433985 628.7712,497.7812,1,2
kill_day_1516404072492 516.8209,399.4183,1,2
kill_day_1516404082327 1291.4,257.1149,5,8
kill_day_1516400889577 633.0217,519.1488,1,4
kill_day_1516402260806 1090.78,399.1421,1,6
kill_day_1516400963907 967.1292,11,8,5
kill_day_1516402364883 726.5392,11,10,5
kill_day_1516400840908 888.4163,1005.573,1,2
kill_day_1516400489348 1285.96,398.7946,2,3
kill_day_1516400523832 987.5723,20,5,10
kill_day_1516402087549 303.7825,11,6,7
kill_day_1516400983936 1333.819,11,3,6
kill_day_1516400341707 1303.4,500,3,8
kill_day_1516400642559 744.9399,775.0001,1,4
kill_day_1516404062259 1232.827,244.9889,7,6
kill_day_1516400347030 1022.502,775.0015,1,2
kill_day_1516402869070 1025.209,532.8359,1,10
kill_day_1516402483756 1751.709,519.5879,3,6
kill_day_1516400717622 1300.884,788.12,4,1
kill_day_1516401094864 205.4604,11,2,5
kill_day_1516400242650 970,20,7,8
kill_day_1516402087133 307.1726,11,6,5
kill_day_1516404133346 960.4342,721.2637,1,10
kill_day_1516400246138 669.9195,511.2141,1,2
kill_day_1516400815924 960,500,2,7
kill_day_1516400417585 628.0178,737.5325,4,7
kill_day_1516401108690 164.6392,355.4879,2,7
kill_day_1516402934095 1087.8,394.6965,5,2
kill_day_1516400781982 1299.8,499.9986,1,8
kill_day_1516402666725 1012.309,765.6576,1,2
kill_day_1516402379300 693.2855,138.6519,2,3
kill_day_1516401005161 1319.3,770.2587,2,1
kill_day_1516400892523 784.38,11,2,5
kill_day_1516401068445 515.3136,809.0571,7,8
kill_day_1516401313742 905.2,444.4232,7,8
kill_day_1516400503500 1170.06,11,3,10
kill_day_1516402048835 569.1353,757.7472,2,5
kill_day_1516402463002 1359.895,397.4576,2,9
kill_day_1516402948335 1290.588,318.6488,1,6
kill_day_1516402097168 348,20,6,7
kill_day_1516402130860 344.7075,20,6,7
kill_day_1516401095989 205.4604,11,2,3
kill_day_1516400805587 799.2852,393.819,2,3
kill_day_1516404123190 645.5551,423.9711,2,7
kill_day_1516400256211 1342.4,740,1,10
kill_day_1516400877366 1360,260,1,6
kill_day_1516402863131 628.3087,738.825,10,7
kill_day_1516402538778 709.1262,528.4678,7,10
kill_day_1516400951301 1136.991,380,1,8
kill_day_1516400444642 993.1492,260,1,6
kill_day_1516400681984 903.7357,774.4708,1,6
kill_day_1516402879515 923.4274,260,2,9
kill_day_1516402137310 560,260,2,9
kill_day_1516400508210 1225.6,378.8544,3,6
kill_day_1516400536370 1324.06,739.9998,1,8
kill_day_1516400255695 669.2745,662.5119,4,9
kill_day_1516400942600 1143.2,380,8,9
kill_day_1516400328395 711.72,11,4,7
kill_day_1516401109815 94.19086,11,2,3
kill_day_1516400588627 720.3515,746.42,1,2
kill_day_1516402941775 113.0752,393.638,2,3
kill_day_1516401135416 696.4,379.5381,8,5
kill_day_1516402048323 721.41,11,6,7
kill_day_1516400843980 590.8497,1014.202,1,4
kill_day_1516404116013 1262.434,694.0776,1,8
kill_day_1516401139307 469.9971,46.77811,1,4
kill_day_1516400847258 685.19,871.2452,1,10
kill_day_1516402942083 560.4498,415,1,6
kill_day_1516400659046 865.0785,657.9313,1,4
kill_day_1516401054314 648,300.9567,2,9
kill_day_1516402104029 1232.866,539.0306,2,3
kill_day_1516402528763 1226.34,630.2505,1,2
kill_day_1516404179811 1376.693,77.00355,5,10
kill_day_1516401009267 1200.71,775,8,7
kill_day_1516400874190 1095.725,738.5679,1,2
kill_day_1516404082486 1302.978,347.702,2,5
kill_day_1516402086827 1839.194,140,10,3
kill_day_1516401243448 1674.47,415.0014,8,1
kill_day_1516402528176 1329.6,740,1,4
kill_day_1516400997995 697,379.6808,2,5
kill_day_1516400355120 1327.94,802.2577,1,2
kill_day_1516404176839 1515.72,158.8269,5,4
kill_day_1516400995742 1168.029,148.4184,7,4
kill_day_1516404186977 264.4585,395.2067,2,9
kill_day_1516402628531 1065.74,590.7294,1,8
kill_day_1516401071028 1333.22,260,4,3
kill_day_1516400518451 1168.287,532.7419,2,3
kill_day_1516402540365 692.43,11,6,3
kill_day_1516402379593 613.5338,11,2,5
kill_day_1516400322966 829.9659,20,7,10
kill_day_1516404141921 1186.37,486.9718,9,6
kill_day_1516400970862 684.6,610.9664,4,9
kill_day_1516402777728 606.0184,771.709,2,3
kill_day_1516402488347 1289.114,284.8289,2,9
kill_day_1516402302489 1419.573,357.1299,1,10
kill_day_1516402634264 673.11,11,10,3
kill_day_1516400427108 960,500,3,4
kill_day_1516400924636 1304.4,260,1,6
kill_day_1516400938147 735.4368,773.8028,2,7
kill_day_1516400325599 1059.105,461.9922,1,2
kill_day_1516400319588 1228.6,617.1149,1,8
kill_day_1516402114270 293.9422,11,6,9
kill_day_1516402077610 1133.202,512.3705,6,3
kill_day_1516404144692 1361.69,259.5513,1,10
kill_day_1516402535958 1397.16,807.48,10,5
kill_day_1516401301408 1040.804,721.3702,3,4
kill_day_1516401960667 770.5642,11,10,7
kill_day_1516400342077 1170.44,380,3,4
kill_day_1516401143681 524,20,8,5
kill_day_1516400538235 1211.119,775,1,2
kill_day_1516400841530 737.1698,1014.471,1,6
kill_day_1516402831031 1155.94,20,5,4
kill_day_1516401986268 660.6353,33.88061,8,3
kill_day_1516402818177 1337.766,401.4801,7,2
kill_day_1516400800023 792.44,518.1136,1,6
kill_day_1516402578737 135.4186,11,10,9
kill_day_1516402711885 541.9948,614.4293,10,1
kill_day_1516404154721 1508.41,141,2,5
kill_day_1516404202440 928.7398,775,1,10
kill_day_1516400479334 939,500,1,6
kill_day_1516400401303 612.7629,755.3121,2,9
kill_day_1516401299052 1664.2,260,1,10
kill_day_1516400579025 891.719,515.0284,1,2
kill_day_1516402533747 1064.035,357.3431,5,8
kill_day_1516404204181 1252.86,777.9197,9,2
kill_day_1516402088158 410.734,20,6,9
kill_day_1516400509352 170.3919,498.6524,2,7
kill_day_1516402177963 593.5329,260,3,10
kill_day_1516402169873 1160.45,773.8119,1,2
kill_day_1516400686796 1435.956,739.6252,2,1
kill_day_1516400424855 1335.54,11,1,10
kill_day_1516401191738 487.8,642.4086,4,5
kill_day_1516400325117 972.1086,500,1,8
kill_day_1516400783537 1510,860,1,6
kill_day_1516400388304 635.7695,47.86101,1,4
kill_day_1516402209814 1476.44,392.0016,3,10
kill_day_1516402257018 1166.82,11,3,10
kill_day_1516402833305 899.499,501.8949,1,6
kill_day_1516401203593 775.4609,380,4,5
kill_day_1516400923013 1026.55,498.4067,1,4
kill_day_1516401220515 923.1708,500,10,5
kill_day_1516400929697 927.8601,774.4346,2,3
kill_day_1516400401618 513.2604,824.3162,2,3
kill_day_1516400752847 607.68,757.5933,4,9
kill_day_1516402809178 417.4219,340.7341,7,6
kill_day_1516401303353 1200.694,491,3,6
kill_day_1516401189074 679.1427,780.9329,2,7
kill_day_1516404192200 1247.999,689.9201,2,1
kill_day_1516402892621 740.3401,1000.265,1,10
kill_day_1516400337507 1090.381,480.5232,1,4
kill_day_1516400340170 1263.913,454.4257,3,6
kill_day_1516401954760 550.613,260,2,3
kill_day_1516401230136 95.39999,380,8,5 debugger al code:1:57
kill_day_1516402167010 921.0526,500,2,9
kill_day_1516404157691 1236,561.9601,1,6
kill_day_1516401048374 538.7,781.5878,4,3
kill_day_1516401196854 1221.965,775.2526,10,3
kill_day_1516402803027 1510,860,7,10
kill_day_1516402309755 1363.968,31.44607,1,4
kill_day_1516400348552 1102.476,484.9889,3,4
kill_day_1516401994567 1233.361,130.7225,8,3
kill_day_1516402044270 818.68,492.1854,6,9
kill_day_1516402200697 1142.648,380,1,8
kill_day_1516402289246 615.6,740,4,7
kill_day_1516402867450 599.197,756.2488,2,3
kill_day_1516401308652 1166.674,774.9357,8,3
kill_day_1516404225787 508.6961,259.9482,9,2
kill_day_1516402184312 875.1334,11,6,7
kill_day_1516401221944 736.054,11,4,3
kill_day_1516402722542 947.905,531.8744,1,2
kill_day_1516401205048 796.5615,11,4,9
kill_day_1516402058638 656.181,807.1722,4,3
kill_day_1516401088412 1302.68,759.9757,1,10
kill_day_1516401080734 549.5396,46.848,7,4
kill_day_1516402840910 1350.833,415,1,2
kill_day_1516402888117 1441.435,43.01,5,4
kill_day_1516402629042 655.02,490.9144,7,4
kill_day_1516402878823 1352.73,92.14876,5,4
kill_day_1516402871220 1402.496,178.4246,5,4
kill_day_1516400591361 806.9967,525.8728,1,6
kill_day_1516401239114 547.42,500,4,3
kill_day_1516401129992 572,20,8,5
kill_day_1516402465917 1320.801,326.466,1,6
kill_day_1516400834565 129.05,397.1443,4,7
kill_day_1516401986062 650.4406,20,3,10
kill_day_1516401121488 117.7107,11,8,5
kill_day_1516402309447 1339.027,11,4,5
kill_day_1516400358397 469,20,7,8
kill_day_1516400387069 922.59,11,4,5
kill_day_1516402867334 620.8572,761.7587,2,9
kill_day_1516404116135 992.0437,523.9828,2,9
kill_day_1516404071775 562.6891,282.7915,2,3
kill_day_1516402694481 1205.84,775,2,1
kill_day_1516401096910 209.2243,175,7,2
kill_day_1516402479229 1243.128,592.8689,3,4
kill_day_1516401203921 1222.463,505.4754,8,3
kill_day_1516404127279 622.4143,391.49,1,4
kill_day_1516402267004 97.95877,391.0545,4,9
kill_day_1516402846445 1226.07,768.9509,2,7
kill_day_1516400163706 660.3502,853.8299,2,3
kill_day_1516400835071 706.1936,874.3481,6,9
kill_day_1516404165474 1558.834,20,7,4
kill_day_1516400499403 506.1169,360.28,1,2
kill_day_1516402197317 363.7284,1015,2,3
kill_day_1516402784179 835.4684,625.0111,10,5
kill_day_1516402105572 1457.496,415,1,4
kill_day_1516402678882 846.435,646.4351,2,7
kill_day_1516402308218 1345.778,11,4,9
kill_day_1516404065939 1754.075,354.7729,9,10
kill_day_1516401281440 803.9965,619.8714,2,3
kill_day_1516402297471 1471.706,11,4,5
kill_day_1516402369562 800.2616,425.8686,4,9
kill_day_1516404186670 493.6033,371.0686,1,6
kill_day_1516402712000 523.92,649.6359,10,5
kill_day_1516400256921 756.4,20,7,8
kill_day_1516402717522 1433.102,415,2,7
kill_day_1516400330544 1252.482,93.28165,1,10
kill_day_1516400404170 689.3777,665.863,2,5
kill_day_1516402384201 1202.102,232.9106,4,1
kill_day_1516402475440 979.9404,498.9885,2,5
kill_day_1516402891086 701.2093,877.2794,2,3
kill_day_1516400924327 1265,310.5816,1,10
kill_day_1516401211294 701.4,380,4,9
kill_day_1516401131532 1239,596.3555,1,6
kill_day_1516400724378 849.93,11,4,5
kill_day_1516401325370 927.1815,360,4,9
kill_day_1516400656895 963.8258,769.5192,1,2
kill_day_1516400734208 703.1526,686.0681,1,4
kill_day_1516401147192 546.3504,168.7105,1,8
kill_day_1516401206994 1266.134,439.4691,2,7
kill_day_1516402047406 1222.352,158.9946,10,1
kill_day_1516404171617 716.4449,460.1666,2,9
kill_day_1516400809683 913.3579,290.1045,10,7
kill_day_1516400277852 424.6991,303.4068,1,2
kill_day_1516400742502 1017.84,383.5042,10,7
kill_day_1516404139053 950.7176,260,9,10
kill_day_1516402438163 1125.694,438.3193,1,8
kill_day_1516401060565 666.1692,339.8018,4,9
kill_day_1516402115908 293.7922,11,6,7
kill_day_1516400714446 1265.963,447.0947,1,8
kill_day_1516400745370 1273,733.1778,1,8
kill_day_1516402072695 815.0041,20,6,9
kill_day_1516400963791 595.2354,412.3272,2,1
kill_day_1516400681270 885.1004,763.9664,1,2
kill_day_1516400997691 1467.861,11,3,6
kill_day_1516400486296 1008.33,11,3,10
kill_day_1516401214981 1121.099,775,2,1
kill_day_1516400811629 694.262,378.7946,4,9
kill_day_1516401148116 1424.043,656.3081,7,6
kill_day_1516404205312 1276.48,731.9792,1,8
kill_day_1516400955191 1214.2,620,7,10
kill_day_1516400383997 1013.2,502.01,1,6
kill_day_1516402731765 1230.07,755.0062,5,4
kill_day_1516404134036 975.82,500,1,4
kill_day_1516402112428 1042.04,235.4644,1,4
kill_day_1516402465408 1382.275,336.8322,1,4
kill_day_1516402578766 135.2686,11,10,3
kill_day_1516401975222 1040.924,45.15473,10,9
kill_day_1516401087735 262.5799,11,2,3
kill_day_1516401943361 579.1765,260,2,3
kill_day_1516402187692 1340.911,345.9827,6,1
kill_day_1516401188152 492.7679,652.6522,4,9
kill_day_1516400532991 684.4227,421.6113,2,9
kill_day_1516402124721 275.9932,415,1,10
kill_day_1516400966644 348.676,273.7528,2,7
kill_day_1516402579380 1597.62,207.1488,7,6
kill_day_1516402442876 1405.124,260,1,10
kill_day_1516402559818 1179.2,620,7,8
kill_day_1516402938704 956.0398,620.9195,1,10
kill_day_1516402058871 681.8784,790.1066,4,1
kill_day_1516401116266 257.5736,20,2,7
kill_day_1516400381650 1266,316.8011,1,10
kill_day_1516400889449 1521.24,620,7,6
kill_day_1516401206733 983.9194,771.7177,1,10
kill_day_1516401290451 700,260,4,5
kill_day_1516402060919 506.2356,674.3749,2,5
kill_day_1516400992054 1453.999,272.126,4,5
kill_day_1516402888429 320.3097,995.6014,1,6
kill_day_1516402121746 686.9431,390.8319,2,7
kill_day_1516400746910 117.7597,380,2,3
kill_day_1516402194452 631.8,822.4033,10,7
kill_day_1516400509234 1217.4,380,3,10
kill_day_1516402275068 689.4226,628.5668,4,9
kill_day_1516402364027 776.86,380,2,7
kill_day_1516404161582 560,260,1,10
kill_day_1516400796877 653.011,792.5978,7,2
kill_day_1516402372322 781.4473,768.9506,4,3
kill_day_1516400595662 847.5716,521.5118,1,4
kill_day_1516402190251 184.1944,972.951,3,4
kill_day_1516402890882 743.6705,912.5526,2,7
kill_day_1516404169057 832.4201,742.396,2,7
kill_day_1516401058593 646.23,11,8,5
kill_day_1516402979561 614.4648,774.7328,7,2
kill_day_1516404057849 1008.655,500,3,8
kill_day_1516402313953 1431.209,415,3,2
kill_day_1516402441750 1322.676,404.8663,1,2
kill_day_1516400394442 981.42,11,3,10
kill_day_1516400672972 848.0478,739.9788,6,1
kill_day_1516402786228 1193.066,775,1,6
kill_day_1516402282208 1274.553,20,10,5
kill_day_1516402580314 1411.109,28.92606,7,2
kill_day_1516401327008 1293.614,491,7,6
kill_day_1516400823094 76.22,380,4,5
kill_day_1516400788949 1077.562,752.4622,1,4
kill_day_1516401048067 625.256,738.996,4,9
kill_day_1516402168338 1000.9,578.53,1,10
kill_day_1516402876955 646.4399,336.3235,2,7
kill_day_1516404078426 933.4765,522.9374,2,1
kill_day_1516402966864 1528.443,406.7045,1,2
kill_day_1516404073593 482.1476,394.3481,5,10
kill_day_1516400834680 152.0226,393.1679,4,3
kill_day_1516400451377 1295.2,259.1679,3,6
kill_day_1516402833230 1174.333,476.82,2,7
kill_day_1516402070449 934.1985,388.9753,1,4
kill_day_1516400578458 1031.949,775.001,1,6
kill_day_1516402033067 839.959,140,1,10
kill_day_1516402296238 1486.437,11,1,10
kill_day_1516400255834 611.1201,765.1547,4,5
kill_day_1516402557365 713.5444,461.0503,5,6
kill_day_1516404172624 586.1301,260,3,6
kill_day_1516400415644 865.171,492.1854,1,6
kill_day_1516401050013 923.5,500,7,10
kill_day_1516404071468 561.86,285.1547,3,6
kill_day_1516402952732 1208.186,699.7997,5,10
kill_day_1516402368226 635.5228,408.8535,2,1
kill_day_1516401112886 146.7207,57.01088,1,4
kill_day_1516402282925 699.6545,759.0645,4,3
kill_day_1516402942901 939.64,501,5,4
kill_day_1516401100617 214.3403,11,7,4
kill_day_1516402969429 1385.41,145.9889,5,4
kill_day_1516402893443 508.2893,958.4615,1,2
kill_day_1516402637643 918.5905,775,10,1
kill_day_1516400447798 1236.436,390.3839,1,10
kill_day_1516402387179 633.712,254.1298,2,5
kill_day_1516400811069 659.6,446.5363,4,3
kill_day_1516400524198 590.69,740,2,3
kill_day_1516400744658 615.54,11,2,5
kill_day_1516400419636 1221.912,20,10,5
kill_day_1516402631705 1188.06,419.812,10,7
kill_day_1516402123895 659.0361,264.3448,2,9
kill_day_1516400948538 603.3121,345.508,1,2
kill_day_1516404080043 1210.48,25.41273,5,4
kill_day_1516404140999 1360,260,2,3
kill_day_1516401186002 846.3325,20,8,3
kill_day_1516402764421 1001.385,517.4246,1,4
kill_day_1516402057773 722.8741,702.8439,3,10
kill_day_1516402102085 293.9422,11,6,9
kill_day_1516400970555 353.3362,631.7955,2,3
kill_day_1516401966933 702.1918,379.8002,2,5
kill_day_1516400977103 1197.153,775.0001,8
kill_day_1516402066454 667.6823,421.1717,4,5
kill_day_1516400262959 515.457,964.7507,1,4
kill_day_1516400411449 1247.149,394.0485,1,8
kill_day_1516400678809 672.7761,597.0762,4,9
kill_day_1516402264395 1127.762,478.0533,2,1
kill_day_1516400957042 1330.78,20,7,6
kill_day_1516404197323 1553.185,11,5,4
kill_day_1516402005641 1267.82,249.64,8,1
kill_day_1516401963920 619.5877,338.0513,1,8
kill_day_1516404054480 1242.577,425.675,1,2
kill_day_1516401046741 607.44,410.5763,7,8
kill_day_1516404135368 1376,708.8392,5,6
kill_day_1516402070332 572.6426,11,6,7
kill_day_1516400984857 1207.6,774.4708,1,2
kill_day_1516402386249 650.3812,695.1738,2,7
kill_day_1516401975823 1083.964,56.67183,1,10
kill_day_1516400432717 1231.653,617.5079,2,3
kill_day_1516402739190 1235.232,429.3456,7,2
kill_day_1516401229215 183.84,473.8435,8,1
kill_day_1516400538111 772.4,20,5,10
kill_day_1516402297671 1455.412,68.52149,1,4
kill_day_1516400945768 1193.13,11,3,6
kill_day_1516402563606 1404.833,392.3554,5,10
kill_day_1516402039209 963.9039,775,2,9
kill_day_1516400348669 1106.6,641.186,1,6
kill_day_1516401939675 899.0951,561.2481,2,1